OS: Windows-10-10.0.19041-SP0 10.0.19041
Python: 3.6.5
Stable-Baselines3: 1.3.0
PyTorch: 1.10.2+cpu
GPU Enabled: False
Numpy: 1.19.5
Gym: 0.19.0
